$ANSIBLE_VAULT;1.1;AES256
32316237336634653034646363313932343736343636626436383862643432656363333835363064
3463386131613562653535626163616134336237643663320a613366393638383839323064623536
30376438303037646232343162313832393531383261343533326338663033313733316338303965
3265323835386531650a633236373939343733373339636433623736636565653130333963666430
37636338396663306364373034306630643039393763633334393431323865336130666530333865
61343061663661336662376664366235306437303662336262613032393261343034313430326361
35326431626336343665646664653938303261663664363163663765373961353832396539383536
33643262363833643663326530386161623736613933353132373637636466366264373035323236
66653636663766366466393232646435653236333530643962353232333137326665343265623536
32353166373038646434383037346163396364363664623430366333343566396462313138336532
64393934303266366234373938616362646330663162386239363165616538623435323530653539
64333362383166663066363461346632383835313163373530653265313965633564666535353430
61623261353931653039643662383666306131363161366535323736393063316339323937633533
37326365313861303462316465303032633532633063346165376236343261656232393938626664
32393830306262366438616137393130363639386261633761343165633339663836323835323665
35626563383164393232306266356133333464646263653761636631363635386334643966363632
38643066633363626261623138316630623533313535396639636232623665393934666561366464
61663135343033633034636636356464333062323730313938613639666165393732303831326461
62656238323537316163666232393165323862383433666432643636653666643930383564343734
39343832316565366132623431376132353137383235346438333161623861343162653738656464
66343236373563613031633135616466343561373635303934393462653162393034373565343463
34306231396337323562373562353534303337366433636338633664663464643631333432666234
31366531623665333862363234653033333837353239306362363630646163613865646132303934
37303432323132396661373665313238396162643365366336336536643765346539626434383336
30316562633133346463353461353363313064393936333864323239643335383239653639346365
39346539666434623936353064663035366136353237653434346265386564373039663762316262
61306333623932356335613964396535353961346231323939363561646330323139663965613232
37613634316432396434393962303138336238396336663665316630346335323030356431636165
66653934653331646133366261666332626637666235396332313437326561383262613634313666
34323863343336386261373333356330326535636464343535346434306162383938623639636666
38616636396635386635613434323135373161373966353532383464386465396632323430323331
39303563393461396264
